1000
61 53 3
72 36 27
87 37 39
72 84 72
91 96 80
97 44 60
29 81 85
56 6 32
38 92 85
11 45 87
58 36 22
64 25 83
28 12 87
1 7 59
88 58 41
16 20 69
59 82 94
10 33 33
94 11 37
48 77 79
98 85 64
0 71 40
16 97 9
50 22 62
0 27 62
35 71 80
19 80 12
90 24 63
3 66 73
49 86 5
54 72 3
95 53 33
61 95 87
34 5 87
34 10 100
97 37 34
66 92 12
96 23 79
87 63 16
92 33 47
27 65 77
7 84 93
6 53 79
46 13 67
75 93 5
50 22 39
94 24 53
49 42 78
74 86 67
13 35 36
28 62 38
78 22 46
41 35 64
10 22 75
64 81 11
36 42 44
25 25 97
57 14 13
53 76 77
23 24 41
0 99 43
30 64 33
79 4 33
17 6 40
79 6 20
34 27 91
56 30 6
38 27 52
61 56 2
98 85 38
82 20 52
56 44 57
37 56 98
70 57 74
37 87 8
0 55 55
38 15 17
31 57 62
88 17 100
72 98 89
0 20 25
59 96 91
52 90 42
93 21 57
82 89 7
67 94 53
39 94 64
99 8 69
56 91 37
27 5 38
16 93 89
90 63 36
7 56 41
81 4 75
95 59 36
70 42 40
30 60 84
0 30 70
54 84 77
56 57 34
41 48 10
91 24 30
34 99 40
12 39 71
56 1 93
54 13 86
26 26 94
25 12 74
37 59 59
0 2 42
69 18 21
75 71 84
49 79 11
47 53 21
81 40 43
33 29 79
24 24 77
29 2 60
5 20 37
96 80 66
27 56 28
32 27 27
87 70 20
53 52 65
75 56 53
22 64 65
52 22 97
60 4 61
10 22 55
59 19 85
75 83 75
21 81 30
12 88 91
0 34 29
54 28 31
100 31 11
95 82 27
15 81 62
38 6 39
55 58 79
1 45 6
54 18 72
72 17 12
38 4 40
55 47 53
44 27 57
33 58 9
97 58 73
66 96 69
0 89 69
73 35 23
95 92 84
13 21 19
23 65 87
62 46 1
100 87 47
5 4 81
42 58 87
6 23 99
34 44 91
6 33 77
29 94 95
66 25 14
34 78 21
5 77 3
40 32 40
43 30 26
84 18 41
77 28 9
83 62 4
63 90 6
19 77 72
49 48 55
48 21 33
80 66 44
50 58 100
7 52 33
66 19 66
75 79 54
70 59 36
80 53 38
57 53 73
35 35 60
30 44 90
61 12 61
17 42 4
31 11 66
31 80 31
52 68 11
47 68 48
88 55 34
100 84 31
6 27 73
16 86 48
77 75 53
77 91 2
79 70 92
38 100 15
34 72 75
5 77 17
51 76 26
70 29 55
19 59 93
10 36 76
100 66 7
66 69 9
51 36 99
53 48 15
69 25 52
52 56 84
54 31 99
97 10 91
39 12 84
68 82 88
25 47 39
18 56 55
13 98 74
47 32 85
55 94 47
54 12 86
17 26 74
87 28 17
71 28 11
5 66 37
52 71 98
98 80 87
7 55 85
14 72 37
74 13 7
37 73 10
82 28 71
87 78 17
76 45 72
9 3 8
11 97 8
21 52 78
31 20 6
100 6 94
20 2 14
99 99 99
13 68 39
67 95 83
56 87 92
1 55 20
94 7 87
19 87 86
67 83 21
76 47 70
18 13 17
39 81 80
2 57 53
93 73 87
34 68 35
78 100 69
45 83 96
76 10 62
23 89 93
85 16 71
59 43 87
34 85 73
41 85 26
53 3 4
75 2 67
53 28 74
74 73 98
3 22 39
58 85 42
5 97 10
99 13 4
34 44 71
96 46 9
42 4 54
76 9 32
67 88 33
11 73 54
16 86 46
44 4 23
83 27 46
41 31 52
21 99 3
26 91 40
8 78 93
76 86 17
82 87 30
99 35 58
49 34 10
100 68 14
95 85 81
51 9 46
24 64 84
43 81 99
8 59 6
73 91 41
42 35 78
54 93 10
20 60 5
15 72 4
47 12 95
18 75 3
3 83 27
98 6 75
34 21 80
80 60 28
62 17 79
51 46 69
100 84 72
53 46 81
88 27 3
5 36 8
66 15 25
93 62 88
68 55 29
52 91 16
9 70 2
61 88 67
76 7 28
21 80 63
34 59 57
4 1 83
91 25 16
90 69 64
38 87 35
2 36 39
91 74 34
79 74 13
48 52 2
22 14 70
83 45 78
0 20 21
90 37 82
91 48 60
91 86 32
47 39 84
47 66 68
36 93 63
42 73 40
17 31 57
43 82 18
28 13 37
19 78 93
15 48 19
95 20 58
1 94 5
14 59 83
4 17 11
46 13 17
23 76 96
23 1 19
59 30 79
56 84 29
17 2 33
54 69 77
43 82 22
5 42 25
57 59 38
61 34 14
58 20 9
39 5 38
20 46 23
32 71 93
85 70 9
5 92 68
31 83 25
0 68 90
49 22 17
60 100 78
85 86 56
15 70 53
14 12 58
55 37 9
32 60 75
86 54 55
2 98 62
91 35 47
82 32 14
100 74 54
40 9 35
53 85 73
60 57 42
64 38 29
90 67 82
93 54 6
99 26 64
93 81 97
20 41 6
31 46 91
23 7 39
2 72 59
80 2 41
87 66 72
69 74 98
25 60 20
15 27 85
91 9 77
78 23 25
38 13 28
63 73 6
36 87 6
37 33 85
91 2 11
1 54 73
10 34 81
68 13 87
98 87 25
28 53 36
91 88 3
45 39 5
17 55 29
90 47 68
71 75 75
72 45 65
99 91 5
11 45 47
56 22 38
42 65 78
48 86 21
68 45 5
77 89 75
100 1 1
34 29 29
51 61 55
58 16 65
18 18 95
12 65 66
91 10 57
90 22 23
46 60 87
80 70 89
47 88 70
2 67 55
84 75 56
55 65 61
34 72 48
54 28 35
57 41 42
20 46 63
7 79 5
81 64 71
85 13 84
66 26 38
32 74 85
82 97 70
82 35 76
24 66 29
63 93 100
22 97 31
22 88 73
37 26 33
12 71 89
35 99 22
70 93 6
74 83 52
84 26 67
12 98 95
91 2 82
54 53 91
84 58 8
75 97 39
93 61 47
3 53 40
75 40 70
10 87 38
77 23 24
28 58 46
91 77 4
0 39 48
100 55 38
54 8 62
28 14 70
46 83 61
71 28 4
91 47 20
7 29 92
9 76 39
32 38 20
32 96 39
100 89 76
73 43 35
63 4 15
76 41 73
98 41 60
1 12 64
60 2 68
82 47 30
50 78 61
44 33 42
96 33 27
62 90 75
79 88 11
54 47 14
83 77 15
33 60 68
60 86 100
69 11 77
70 16 5
8 87 8
29 35 24
38 73 58
36 12 28
55 82 52
84 63 23
37 87 64
97 83 99
25 85 66
35 62 33
73 29 39
4 38 5
66 68 37
88 56 9
94 75 65
81 58 33
81 79 13
12 24 3
77 97 48
75 28 25
85 84 21
73 9 85
100 6 31
74 24 4
7 38 80
46 69 58
57 64 92
100 76 79
88 45 37
100 27 67
37 3 58
99 95 91
1 74 53
18 89 10
2 21 41
3 40 45
75 9 23
84 98 25
36 54 38
38 55 3
100 9 27
91 5 25
73 93 3
74 76 22
9 72 95
93 26 48
52 23 15
31 9 89
49 2 81
21 1 14
87 20 40
35 87 31
54 6 54
58 63 62
65 88 97
7 21 17
81 30 41
80 32 67
19 90 69
65 89 98
83 15 78
1 87 71
52 29 5
91 41 56
16 11 38
65 48 46
8 61 41
71 8 8
61 11 61
65 77 35
55 84 13
97 10 17
94 41 86
37 21 1
48 62 3
43 97 35
16 79 40
67 43 20
79 67 41
89 48 41
19 7 99
74 9 58
54 86 32
87 21 91
35 45 55
76 82 99
6 74 68
54 98 4
23 70 19
84 95 42
4 80 61
44 52 32
30 64 56
98 38 32
30 61 23
61 58 61
51 37 95
40 29 7
12 25 45
39 39 55
74 27 60
25 43 2
10 32 14
83 53 23
55 3 20
25 55 35
24 60 67
29 21 89
23 58 58
54 84 33
32 81 7
45 54 78
32 94 82
19 8 1
14 33 90
53 100 79
73 66 59
61 85 22
66 89 30
42 91 58
51 22 21
22 2 57
22 95 30
20 46 39
53 80 34
19 15 33
28 96 15
27 61 19
45 24 7
27 23 13
31 9 97
71 35 27
62 57 13
16 96 54
77 46 98
86 25 64
50 66 61
77 61 9
96 28 17
20 71 63
29 36 86
10 37 85
20 56 46
12 55 55
69 91 72
67 7 97
67 67 62
43 48 99
7 84 22
16 58 27
75 18 15
73 81 29
42 25 39
54 83 44
51 72 5
4 99 54
19 53 6
86 75 33
90 93 62
100 33 89
33 12 86
79 94 60
57 75 18
7 68 97
61 89 91
34 9 32
59 83 100
25 24 95
67 68 52
16 43 68
14 65 87
53 6 61
53 22 1
85 74 65
92 100 81
87 81 48
27 69 53
79 31 94
71 81 41
0 32 79
51 61 95
51 34 61
77 65 16
33 6 28
47 27 41
84 90 1
98 13 29
43 58 83
13 62 69
66 30 100
80 33 25
1 23 28
34 54 33
2 32 95
87 93 35
40 47 81
19 25 7
36 41 40
99 41 62
36 98 27
78 13 34
6 36 66
98 22 42
83 12 56
97 76 47
33 17 14
73 4 82
9 67 78
55 83 24
14 60 30
80 65 25
58 20 22
77 83 58
49 35 2
4 64 60
47 8 15
83 89 31
52 37 89
48 48 69
28 1 34
25 40 82
10 72 100
24 89 95
28 9 52
65 69 32
4 64 27
88 40 84
43 19 26
63 97 5
38 13 25
39 62 19
42 13 34
97 40 88
23 17 75
67 14 93
5 100 52
92 55 47
62 44 84
44 31 91
76 84 67
38 18 74
80 80 99
94 29 22
8 3 76
59 8 29
89 48 39
38 96 19
28 100 1
0 57 27
49 73 97
43 9 84
35 16 42
89 41 20
100 89 79
51 57 31
5 95 26
47 88 38
67 48 15
100 89 96
46 71 15
76 70 22
16 58 42
92 80 87
87 57 12
17 69 21
73 100 14
45 58 69
2 77 57
74 32 16
74 98 45
7 13 7
55 36 81
89 21 73
84 93 54
44 7 12
7 95 21
5 34 58
40 5 31
29 71 99
65 91 93
20 39 43
0 10 42
49 37 81
36 67 58
66 75 25
84 1 80
80 22 42
42 7 15
9 78 90
92 31 9
8 90 85
96 23 25
10 86 69
100 70 91
21 61 42
54 36 40
100 45 18
60 81 83
36 4 21
99 97 98
15 28 37
96 100 18
67 73 45
8 7 32
37 54 52
0 92 67
92 10 71
45 39 23
47 92 81
75 63 74
25 69 7
55 32 37
41 62 75
99 8 47
81 69 83
14 84 31
94 29 61
8 47 90
94 73 33
100 39 9
46 13 25
9 10 84
4 87 25
32 46 61
1 81 66
25 65 34
11 5 82
56 82 23
30 15 68
21 94 36
65 39 45
2 42 20
46 60 37
76 23 47
91 63 85
71 59 9
95 95 17
95 44 79
28 2 36
22 89 58
36 98 30
44 19 7
50 42 68
57 75 37
85 55 91
30 94 18
13 99 9
14 89 2
57 58 89
95 85 18
100 63 3
66 17 16
100 61 33
47 85 3
43 24 79
100 54 94
98 42 24
16 81 80
94 30 67
43 41 16
72 73 82
50 65 61
91 54 60
1 95 53
70 88 73
67 89 59
88 76 98
47 2 34
71 76 48
28 81 52
17 75 28
37 62 67
17 73 94
45 3 87
79 29 41
91 61 19
97 48 53
100 47 93
58 58 81
30 83 16
38 2 57
58 86 97
92 4 28
16 10 4
46 18 82
39 43 22
11 32 65
84 32 46
72 53 57
82 79 96
4 78 15
52 96 17
34 92 69
90 76 61
16 54 82
31 15 100
48 46 58
31 3 8
100 23 20
13 55 55
34 74 94
41 54 55
61 6 25
70 100 38
34 92 25
29 21 13
34 38 11
4 11 83
93 28 75
2 20 12
84 69 3
12 3 26
75 96 31
99 92 73
38 18 100
75 46 17
100 35 40
44 35 57
4 57 29
53 66 72
43 72 63
68 94 26
64 70 73
71 52 15
79 6 30
24 29 11
35 8 16
1 13 64
97 69 86
10 67 92
83 39 80
13 82 4
74 86 76
78 84 95
36 69 53
19 95 1
62 48 83
22 28 37
37 13 100
62 24 38
75 18 61
42 93 63
28 75 45
5 47 9
89 11 13
69 62 92
25 68 86
98 100 65
85 2 99
53 70 66
99 3 95
23 8 13
82 19 81
5 21 40
70 91 100
79 48 79
62 87 92
55 2 71
37 33 18
37 2 41
10 19 4
41 20 71
56 35 42
72 82 11
17 79 13
11 10 80
98 69 74
19 41 36
70 72 24
57 48 78
21 63 84
18 61 15
31 10 68
25 18 17
17 89 70
81 38 43
59 78 24
28 44 77
57 85 91
88 98 52
82 24 95
84 48 1
8 20 80
12 85 59
69 82 83
12 72 15
67 10 77
31 11 98
17 8 18
55 71 46
95 52 21
67 56 15
86 22 44
71 75 25
8 13 21
23 68 11
91 86 25
91 10 23
16 46 80
82 47 46
68 23 60
56 80 4
98 23 27
16 15 64
53 89 74
